-2.200000000000000178e+00
-2.177889447236180942e+00
-2.155778894472362150e+00
-2.133668341708542915e+00
-2.111557788944723679e+00
-2.089447236180904888e+00
-2.067336683417085652e+00
-2.045226130653266416e+00
-2.023115577889447181e+00
-2.001005025125628389e+00
-1.978894472361809154e+00
-1.956783919597990140e+00
-1.934673366834171127e+00
-1.912562814070351891e+00
-1.890452261306532877e+00
-1.868341708542713864e+00
-1.846231155778894628e+00
-1.824120603015075393e+00
-1.802010050251256379e+00
-1.779899497487437365e+00
-1.757788944723618130e+00
-1.735678391959799116e+00
-1.713567839195980103e+00
-1.691457286432160867e+00
-1.669346733668341853e+00
-1.647236180904522840e+00
-1.625125628140703604e+00
-1.603015075376884591e+00
-1.580904522613065577e+00
-1.558793969849246341e+00
-1.536683417085427328e+00
-1.514572864321608314e+00
-1.492462311557789079e+00
-1.470351758793969843e+00
-1.448241206030150829e+00
-1.426130653266331816e+00
-1.404020100502512580e+00
-1.381909547738693567e+00
-1.359798994974874553e+00
-1.337688442211055317e+00
-1.315577889447236304e+00
-1.293467336683417290e+00
-1.271356783919598055e+00
-1.249246231155779041e+00
-1.227135678391960028e+00
-1.205025125628140792e+00
-1.182914572864321778e+00
-1.160804020100502543e+00
-1.138693467336683529e+00
-1.116582914572864516e+00
-1.094472361809045280e+00
-1.072361809045226266e+00
-1.050251256281407031e+00
-1.028140703517588017e+00
-1.006030150753769004e+00
-9.839195979899497679e-01
-9.618090452261307544e-01
-9.396984924623117408e-01
-9.175879396984925052e-01
-8.954773869346734916e-01
-8.733668341708544780e-01
-8.512562814070352424e-01
-8.291457286432162288e-01
-8.070351758793969932e-01
-7.849246231155779796e-01
-7.628140703517589660e-01
-7.407035175879397304e-01
-7.185929648241207168e-01
-6.964824120603014812e-01
-6.743718592964824676e-01
-6.522613065326634540e-01
-6.301507537688442184e-01
-6.080402010050252049e-01
-5.859296482412061913e-01
-5.638190954773869557e-01
-5.417085427135679421e-01
-5.195979899497489285e-01
-4.974874371859296929e-01
-4.753768844221106793e-01
-4.532663316582914437e-01
-4.311557788944724301e-01
-4.090452261306534165e-01
-3.869346733668341809e-01
-3.648241206030151673e-01
-3.427135678391959317e-01
-3.206030150753769181e-01
-2.984924623115579045e-01
-2.763819095477386689e-01
-2.542713567839196553e-01
-2.321608040201006418e-01
-2.100502512562814061e-01
-1.879396984924621705e-01
-1.658291457286433790e-01
-1.437185929648241434e-01
-1.216080402010049077e-01
-9.949748743718611621e-02
-7.738693467336688059e-02
-5.527638190954764497e-02
-3.316582914572885343e-02
-1.105527638190961781e-02
1.105527638190961781e-02
3.316582914572840934e-02
5.527638190954764497e-02
7.738693467336688059e-02
9.949748743718611621e-02
1.216080402010049077e-01
1.437185929648241434e-01
1.658291457286433790e-01
1.879396984924621705e-01
2.100502512562814061e-01
2.321608040201006418e-01
2.542713567839194333e-01
2.763819095477386689e-01
2.984924623115579045e-01
3.206030150753766961e-01
3.427135678391959317e-01
3.648241206030151673e-01
3.869346733668339589e-01
4.090452261306531945e-01
4.311557788944724301e-01
4.532663316582912216e-01
4.753768844221104573e-01
4.974874371859296929e-01
5.195979899497489285e-01
5.417085427135677200e-01
5.638190954773869557e-01
5.859296482412061913e-01
6.080402010050249828e-01
6.301507537688442184e-01
6.522613065326634540e-01
6.743718592964822456e-01
6.964824120603014812e-01
7.185929648241207168e-01
7.407035175879395084e-01
7.628140703517587440e-01
7.849246231155779796e-01
8.070351758793972152e-01
8.291457286432160068e-01
8.512562814070352424e-01
8.733668341708544780e-01
8.954773869346732695e-01
9.175879396984925052e-01
9.396984924623117408e-01
9.618090452261305323e-01
9.839195979899497679e-01
1.006030150753769004e+00
1.028140703517587795e+00
1.050251256281407031e+00
1.072361809045226266e+00
1.094472361809045058e+00
1.116582914572864293e+00
1.138693467336683529e+00
1.160804020100502321e+00
1.182914572864321556e+00
1.205025125628140792e+00
1.227135678391960028e+00
1.249246231155778819e+00
1.271356783919598055e+00
1.293467336683417290e+00
1.315577889447236082e+00
1.337688442211055317e+00
1.359798994974874553e+00
1.381909547738693345e+00
1.404020100502512580e+00
1.426130653266331816e+00
1.448241206030150607e+00
1.470351758793969843e+00
1.492462311557789079e+00
1.514572864321608314e+00
1.536683417085427106e+00
1.558793969849246341e+00
1.580904522613065577e+00
1.603015075376884369e+00
1.625125628140703604e+00
1.647236180904522840e+00
1.669346733668341631e+00
1.691457286432160867e+00
1.713567839195980103e+00
1.735678391959798894e+00
1.757788944723618130e+00
1.779899497487437365e+00
1.802010050251256601e+00
1.824120603015075837e+00
1.846231155778894184e+00
1.868341708542713420e+00
1.890452261306532655e+00
1.912562814070351891e+00
1.934673366834171127e+00
1.956783919597990362e+00
1.978894472361808710e+00
2.001005025125627945e+00
2.023115577889447181e+00
2.045226130653266416e+00
2.067336683417085652e+00
2.089447236180904888e+00
2.111557788944724123e+00
2.133668341708542471e+00
2.155778894472361706e+00
2.177889447236180942e+00
2.200000000000000178e+00
